instance_id_1;instance_id_2;distance;time
GS Balanced_14;Urn_5;989.0;30.442791223526
GS Balanced_14;Urn_6;860.0;32.40172624588013
GS Balanced_14;Urn_7;639.0;32.82868456840515
GS Balanced_14;Urn_8;781.0;31.422070741653442
GS Balanced_14;Urn_9;599.0;19.901288747787476
GS Balanced_14;Urn_10;867.0;18.982386589050293
GS Balanced_14;Urn_11;899.0;16.273261308670044
GS Balanced_14;Urn_12;810.0;18.13867712020874
GS Balanced_14;Urn_13;649.0;18.072784185409546
GS Balanced_14;Urn_14;771.0;22.889050245285034
GS Balanced_14;Urn_15;685.0;19.534253120422363
GS Balanced_14;Urn_16;1149.0;17.79745078086853
GS Balanced_14;Urn_17;981.0;15.643283605575562
GS Balanced_14;Urn_18;638.0;19.020819187164307
GS Balanced_14;Urn_19;626.0;19.002570152282715
GS Balanced_14;Urn_20;965.0;24.38959240913391
GS Balanced_14;Urn_21;1055.0;30.537370443344116
GS Balanced_14;Urn_22;726.0;35.73354768753052
GS Balanced_14;Urn_23;1159.0;29.21094250679016
GS Balanced_14;Urn_24;833.0;22.503704071044922
GS Balanced_14;Urn_25;615.0;20.2826144695282
GS Balanced_14;Urn_26;656.0;17.424014568328857
GS Balanced_14;Urn_27;682.0;17.410608291625977
GS Balanced_14;Urn_28;894.0;20.783241033554077
GS Balanced_14;Urn_29;702.0;24.430415868759155
GS Balanced_14;Urn_30;775.0;32.85769200325012
GS Balanced_14;Urn_31;705.0;21.370153427124023
GS Balanced_14;Urn_32;983.0;18.593839168548584
GS Balanced_14;Urn_33;848.0;18.053239107131958
GS Balanced_14;Urn_34;712.0;19.491726875305176
GS Balanced_14;Urn_35;746.0;22.69175887107849
GS Balanced_14;Urn_36;642.0;24.70217490196228
GS Balanced_14;Urn_37;751.0;18.473218202590942
GS Balanced_14;Urn_38;751.0;25.632307291030884
GS Balanced_14;Urn_39;1201.0;17.593334913253784
GS Balanced_14;Urn_40;648.0;16.988040447235107
GS Balanced_14;Urn_41;698.0;20.830181121826172
GS Balanced_14;Urn_42;682.0;16.821466207504272
GS Balanced_14;Urn_43;1063.0;21.08815360069275
GS Balanced_14;Urn_44;710.0;37.66314077377319
GS Balanced_14;Urn_45;685.0;32.63091444969177
GS Balanced_14;Urn_46;592.0;33.066728353500366
GS Balanced_14;Urn_47;698.0;30.478212356567383
GS Balanced_14;Mallows_0;694.0;33.60433864593506
GS Balanced_14;Mallows_1;720.0;38.8597137928009
GS Balanced_14;Mallows_2;1086.0;20.16999626159668
GS Balanced_14;Mallows_3;787.0;21.617135047912598
GS Balanced_14;Mallows_4;759.0;21.701804876327515
GS Balanced_14;Mallows_5;1130.0;16.013566255569458
GS Balanced_14;Mallows_6;1060.0;19.548802137374878
GS Balanced_14;Mallows_7;772.0;35.98370122909546
GS Balanced_14;Mallows_8;670.0;30.981285095214844
GS Balanced_14;Mallows_9;684.0;32.365562915802
GS Balanced_14;Mallows_10;779.0;38.910564661026
GS Balanced_14;Mallows_11;928.0;35.51609945297241
GS Balanced_14;Mallows_12;690.0;31.83851647377014
GS Balanced_14;Mallows_13;768.0;38.546136140823364
GS Balanced_14;Mallows_14;895.0;36.51590871810913
GS Balanced_14;Mallows_15;743.0;37.87961721420288
GS Balanced_14;Mallows_16;697.0;28.923890113830566
GS Balanced_14;Mallows_17;1086.0;18.4884672164917
GS Balanced_14;Mallows_18;826.0;20.95613408088684
GS Balanced_14;Mallows_19;885.0;20.68157124519348
GS Balanced_14;Mallows_20;691.0;19.603907585144043
GS Balanced_14;Mallows_21;928.0;23.12515687942505
GS Balanced_14;Mallows_22;778.0;22.438060998916626
GS Balanced_14;Mallows_23;732.0;23.67805004119873
GS Balanced_14;Mallows_24;854.0;21.68693971633911
GS Balanced_14;Mallows_25;1106.0;15.326119661331177
GS Balanced_14;Mallows_26;681.0;17.823822021484375
GS Balanced_14;Mallows_27;989.0;21.359118938446045
GS Balanced_14;Mallows_28;1038.0;32.65210032463074
GS Balanced_14;Mallows_29;658.0;30.83375120162964
GS Balanced_14;Mallows_30;678.0;31.961918592453003
GS Balanced_14;Mallows_31;794.0;25.87894582748413
GS Balanced_14;Mallows_32;1142.0;15.978535413742065
GS Balanced_14;Mallows_33;683.0;16.274174213409424
GS Balanced_14;Mallows_34;742.0;27.307162046432495
GS Balanced_14;Mallows_35;665.0;21.711736917495728
GS Balanced_14;Mallows_36;697.0;21.179049968719482
GS Balanced_14;Mallows_37;1062.0;16.286073923110962
GS Balanced_14;Mallows_38;739.0;27.8476505279541
GS Balanced_14;Mallows_39;736.0;31.03001856803894
GS Balanced_14;Mallows_40;1008.0;17.277708768844604
GS Balanced_14;Mallows_41;696.0;19.295514822006226
GS Balanced_14;Mallows_42;1161.0;26.365105152130127
GS Balanced_14;Mallows_43;707.0;34.27716255187988
GS Balanced_14;Mallows_44;695.0;33.332117557525635
GS Balanced_14;Mallows_45;997.0;33.65930485725403
GS Balanced_14;Mallows_46;763.0;39.81492757797241
GS Balanced_14;Mallows_47;1142.0;30.55949568748474
GS Balanced_14;UN_0;641.0;28.610095500946045
GS Balanced_14;UN_1;662.0;29.163442850112915
GS Balanced_14;UN_2;683.0;29.263835430145264
GS Balanced_14;UN_3;682.0;23.399272680282593
GS Balanced_14;ID;1201.0;14.226658344268799
GS Balanced_14;AN;559.0;14.968213558197021
GS Balanced_14;UNSTA;770.0;21.484779119491577
GS Balanced_14;UNSTB;829.0;20.671319723129272
GS Balanced_14;UNSTC;867.0;26.82667303085327
GS Balanced_14;ST_0;908.0;36.84009647369385
GS Balanced_14;ST_1;908.0;35.586726665496826
GS Balanced_14;ST_2;907.0;24.194599628448486
GS Balanced_14;ST_3;906.0;22.94799828529358
GS Balanced_14;IDSTA;980.0;18.468233108520508
GS Balanced_14;IDSTB;1049.0;18.51724624633789
GS Balanced_14;IDSTC;1131.0;16.158703804016113
GS Balanced_14;IDAN_0;1105.0;16.734213829040527
GS Balanced_14;IDAN_1;1013.0;15.13733720779419
GS Balanced_14;IDAN_2;941.0;17.754642248153687
GS Balanced_14;IDAN_3;873.0;16.49527668952942
GS Balanced_14;IDAN_4;809.0;18.564086437225342
GS Balanced_14;IDAN_5;747.0;18.407880544662476
GS Balanced_14;IDAN_6;691.0;16.239027738571167
GS Balanced_14;IDAN_7;643.0;21.600159168243408
GS Balanced_14;IDAN_8;593.0;31.01188325881958
GS Balanced_14;IDAN_9;559.0;30.46931743621826
GS Balanced_14;IDAN_10;537.0;20.973263025283813
GS Balanced_14;ANUN_0;546.0;14.988927125930786
GS Balanced_14;ANUN_1;514.0;15.210938215255737
GS Balanced_14;ANUN_2;510.0;16.0747652053833
GS Balanced_14;ANUN_3;518.0;25.198153734207153
GS Balanced_14;ANUN_4;502.0;32.274561166763306
GS Balanced_14;ANUN_5;566.0;32.79214572906494
GS Balanced_14;ANUN_6;539.0;28.30954647064209
GS Balanced_14;ANUN_7;588.0;17.240134716033936
GS Balanced_14;ANUN_8;562.0;17.364437103271484
GS Balanced_14;ANUN_9;632.0;16.50991654396057
GS Balanced_14;ANUN_10;659.0;18.325500011444092
GS Balanced_14;Irish_0;641.0;33.93256068229675
GS Balanced_14;Irish_1;602.0;35.70541000366211
GS Balanced_14;Irish_2;646.0;35.73630905151367
GS Balanced_14;Irish_3;544.0;35.21199131011963
GS Balanced_14;Irish_4;590.0;36.040844440460205
GS Balanced_14;Irish_5;593.0;36.26519274711609
GS Balanced_14;Irish_6;645.0;35.562119245529175
GS Balanced_14;Irish_7;677.0;36.983917474746704
GS Balanced_14;Sushi_0;710.0;25.437931776046753
GS Balanced_14;Sushi_1;714.0;24.827022552490234
GS Balanced_14;Sushi_2;684.0;26.043301343917847
GS Balanced_14;Sushi_3;649.0;36.432427644729614
GS Balanced_14;Sushi_4;665.0;36.01861500740051
GS Balanced_14;Sushi_5;650.0;38.34805178642273
GS Balanced_14;Sushi_6;681.0;36.78295016288757
GS Balanced_14;Sushi_7;653.0;26.462239027023315
GS Balanced_14;Grenoble_0;673.0;23.801080226898193
GS Balanced_14;Grenoble_1;716.0;20.982836723327637
GS Balanced_14;Grenoble_2;644.0;24.101659059524536
GS Balanced_14;Grenoble_3;681.0;25.74921941757202
GS Balanced_14;Grenoble_4;660.0;30.855796098709106
GS Balanced_14;Grenoble_5;678.0;22.759221076965332
GS Balanced_14;Grenoble_6;674.0;22.831606149673462
GS Balanced_14;Grenoble_7;719.0;20.909344911575317
GS Balanced_15;GS Caterpillar_0;699.0;19.124810934066772
GS Balanced_15;GS Caterpillar_1;687.0;21.708386182785034
GS Balanced_15;GS Caterpillar_2;693.0;19.110114812850952
GS Balanced_15;GS Caterpillar_3;684.0;17.684277772903442
GS Balanced_15;GS Caterpillar_4;696.0;17.247496366500854
GS Balanced_15;GS Caterpillar_5;711.0;17.8613440990448
GS Balanced_15;GS Caterpillar_6;703.0;23.452072620391846
GS Balanced_15;GS Caterpillar_7;698.0;17.151917219161987
GS Balanced_15;GS Caterpillar_8;735.0;17.469197511672974
GS Balanced_15;GS Caterpillar_9;735.0;21.21172070503235
GS Balanced_15;GS Caterpillar_10;701.0;22.324451446533203
GS Balanced_15;GS Caterpillar_11;735.0;20.857415676116943
GS Balanced_15;GS Caterpillar_12;711.0;18.153591632843018
GS Balanced_15;GS Caterpillar_13;716.0;28.151668548583984
GS Balanced_15;GS Caterpillar_14;695.0;31.256829261779785
GS Balanced_15;GS Caterpillar_15;723.0;31.751208782196045
GS Balanced_15;Interval_0;548.0;27.241851091384888
GS Balanced_15;Interval_1;609.0;25.568400859832764
GS Balanced_15;Interval_2;707.0;37.5933837890625
GS Balanced_15;Interval_3;601.0;32.27106595039368
GS Balanced_15;Interval_4;565.0;25.73943042755127
GS Balanced_15;Interval_5;525.0;18.323675632476807
GS Balanced_15;Interval_6;687.0;19.255475282669067
GS Balanced_15;Interval_7;513.0;23.54926586151123
GS Balanced_15;Interval_8;723.0;21.920093536376953
GS Balanced_15;Interval_9;526.0;19.41434621810913
GS Balanced_15;Interval_10;487.0;19.08907127380371
GS Balanced_15;Interval_11;588.0;22.265379905700684
GS Balanced_15;Interval_12;520.0;20.310706615447998
GS Balanced_15;Interval_13;637.0;33.89188265800476
GS Balanced_15;Interval_14;530.0;20.046396493911743
GS Balanced_15;Interval_15;624.0;20.15139675140381
GS Balanced_15;Square_0;587.0;19.71074938774109
GS Balanced_15;Square_1;641.0;19.85750699043274
GS Balanced_15;Square_2;560.0;20.758657932281494
GS Balanced_15;Square_3;539.0;28.901775598526
GS Balanced_15;Square_4;602.0;19.927690982818604
GS Balanced_15;Square_5;615.0;19.515197277069092
GS Balanced_15;Square_6;628.0;19.933608770370483
GS Balanced_15;Square_7;662.0;26.66638159751892
GS Balanced_15;Square_8;523.0;34.41002917289734
GS Balanced_15;Square_9;570.0;36.54060769081116
GS Balanced_15;Square_10;596.0;37.40268898010254
GS Balanced_15;Square_11;571.0;37.23323845863342
GS Balanced_15;Square_12;535.0;36.48507618904114
GS Balanced_15;Square_13;549.0;36.686370849609375
GS Balanced_15;Square_14;540.0;35.62042570114136
GS Balanced_15;Square_15;450.0;35.37153911590576
GS Balanced_15;Cube_0;589.0;37.301284074783325
GS Balanced_15;Cube_1;602.0;36.33161234855652
GS Balanced_15;Cube_2;602.0;31.782315969467163
GS Balanced_15;Cube_3;632.0;26.810409545898438
GS Balanced_15;Cube_4;587.0;19.787963390350342
GS Balanced_15;Cube_5;635.0;23.789453268051147
GS Balanced_15;Cube_6;685.0;25.36090874671936
GS Balanced_15;Cube_7;563.0;19.715129852294922
GS Balanced_15;Cube_8;730.0;25.358078241348267
GS Balanced_15;Cube_9;619.0;21.19763731956482
GS Balanced_15;Cube_10;604.0;24.62515139579773
GS Balanced_15;Cube_11;564.0;20.15551495552063
GS Balanced_15;Cube_12;625.0;22.341240882873535
GS Balanced_15;Cube_13;635.0;23.616750955581665
GS Balanced_15;Cube_14;580.0;20.443730354309082
GS Balanced_15;Cube_15;663.0;21.548446893692017
GS Balanced_15;5-Cube_0;604.0;26.677435636520386
GS Balanced_15;5-Cube_1;673.0;23.126182556152344
GS Balanced_15;5-Cube_2;659.0;20.350625038146973
GS Balanced_15;5-Cube_3;639.0;19.28057360649109
GS Balanced_15;5-Cube_4;591.0;24.610076427459717
GS Balanced_15;5-Cube_5;598.0;36.45407724380493
GS Balanced_15;5-Cube_6;599.0;33.0516357421875
GS Balanced_15;5-Cube_7;605.0;37.81118869781494
GS Balanced_15;10-Cube_0;671.0;20.602482557296753
GS Balanced_15;10-Cube_1;630.0;18.740411520004272
GS Balanced_15;10-Cube_2;632.0;18.770066022872925
GS Balanced_15;10-Cube_3;586.0;18.30531120300293
GS Balanced_15;10-Cube_4;650.0;24.383741855621338
GS Balanced_15;10-Cube_5;656.0;19.857189893722534
GS Balanced_15;10-Cube_6;710.0;21.444247245788574
GS Balanced_15;10-Cube_7;639.0;20.491393566131592
GS Balanced_15;Circle_0;518.0;21.54535222053528
GS Balanced_15;Circle_1;500.0;18.650012969970703
GS Balanced_15;Circle_2;477.0;18.028477907180786
GS Balanced_15;Circle_3;533.0;21.528963565826416
GS Balanced_15;Circle_4;550.0;22.572327136993408
GS Balanced_15;Circle_5;556.0;33.700663328170776
GS Balanced_15;Circle_6;485.0;32.272620677948
GS Balanced_15;Circle_7;527.0;34.07766389846802
GS Balanced_15;Circle_8;437.0;24.080318927764893
GS Balanced_15;Circle_9;502.0;18.041292190551758
GS Balanced_15;Circle_10;519.0;20.533040761947632
GS Balanced_15;Circle_11;449.0;16.94393038749695
GS Balanced_15;Circle_12;460.0;20.00509548187256
GS Balanced_15;Circle_13;532.0;19.41714882850647
GS Balanced_15;Circle_14;494.0;17.619226694107056
GS Balanced_15;Circle_15;512.0;28.857115983963013
GS Balanced_15;Sphere_0;476.0;26.151868104934692
GS Balanced_15;Sphere_1;609.0;17.863863706588745
GS Balanced_15;Sphere_2;505.0;19.357425689697266
GS Balanced_15;Sphere_3;484.0;31.327041625976562
GS Balanced_15;Sphere_4;522.0;33.25997352600098
GS Balanced_15;Sphere_5;483.0;33.22776818275452
GS Balanced_15;Sphere_6;548.0;34.619285106658936
GS Balanced_15;Sphere_7;581.0;31.640214204788208
GS Balanced_15;Sphere_8;549.0;21.182257652282715
GS Balanced_15;Sphere_9;492.0;26.666603803634644
GS Balanced_15;Sphere_10;500.0;18.09556221961975
GS Balanced_15;Sphere_11;569.0;18.733997344970703
GS Balanced_15;Sphere_12;494.0;17.787442922592163
GS Balanced_15;Sphere_13;566.0;19.613513469696045
GS Balanced_15;Sphere_14;528.0;21.06516122817993
GS Balanced_15;Sphere_15;524.0;18.631251573562622
GS Balanced_15;Urn_0;721.0;17.973028421401978
GS Balanced_15;Urn_1;919.0;24.45340585708618
GS Balanced_15;Urn_2;929.0;18.235032081604004
GS Balanced_15;Urn_3;674.0;18.14343500137329
GS Balanced_15;Urn_4;673.0;21.591856718063354
GS Balanced_15;Urn_5;1020.0;18.356627225875854
GS Balanced_15;Urn_6;895.0;19.39778470993042
GS Balanced_15;Urn_7;638.0;17.440019607543945
GS Balanced_15;Urn_8;810.0;20.015469789505005
GS Balanced_15;Urn_9;610.0;20.810639142990112
GS Balanced_15;Urn_10;888.0;34.243053913116455
GS Balanced_15;Urn_11;918.0;32.466115951538086
GS Balanced_15;Urn_12;833.0;34.953084230422974
GS Balanced_15;Urn_13;654.0;33.94647717475891
GS Balanced_15;Urn_14;786.0;35.64800691604614
GS Balanced_15;Urn_15;700.0;34.414868116378784
GS Balanced_15;Urn_16;1194.0;29.003063678741455
GS Balanced_15;Urn_17;1018.0;31.051469087600708
GS Balanced_15;Urn_18;643.0;29.47863507270813
GS Balanced_15;Urn_19;625.0;21.78035855293274
GS Balanced_15;Urn_20;996.0;16.662571907043457
GS Balanced_15;Urn_21;1080.0;15.391578912734985
GS Balanced_15;Urn_22;737.0;18.485910654067993
GS Balanced_15;Urn_23;1202.0;16.84407901763916
GS Balanced_15;Urn_24;872.0;18.93946146965027
GS Balanced_15;Urn_25;624.0;18.41301918029785
GS Balanced_15;Urn_26;657.0;16.97430729866028
GS Balanced_15;Urn_27;673.0;17.62873125076294
GS Balanced_15;Urn_28;927.0;17.350722551345825
GS Balanced_15;Urn_29;703.0;22.18008017539978
GS Balanced_15;Urn_30;806.0;35.0655472278595
GS Balanced_15;Urn_31;730.0;33.59412932395935
GS Balanced_15;Urn_32;1018.0;30.40788197517395
GS Balanced_15;Urn_33;869.0;34.274129152297974
GS Balanced_15;Urn_34;709.0;23.55861210823059
GS Balanced_15;Urn_35;761.0;19.714266300201416
GS Balanced_15;Urn_36;659.0;18.190610647201538
GS Balanced_15;Urn_37;754.0;19.526102304458618
GS Balanced_15;Urn_38;776.0;19.010639190673828
GS Balanced_15;Urn_39;1250.0;24.38468098640442
GS Balanced_15;Urn_40;653.0;16.766437292099
GS Balanced_15;Urn_41;719.0;31.02828550338745
GS Balanced_15;Urn_42;685.0;27.184874057769775
GS Balanced_15;Urn_43;1100.0;17.205809831619263
GS Balanced_15;Urn_44;711.0;20.6427059173584
GS Balanced_15;Urn_45;702.0;20.220457315444946
GS Balanced_15;Urn_46;629.0;17.438758611679077
GS Balanced_15;Urn_47;719.0;30.01428198814392
GS Balanced_15;Mallows_0;709.0;34.990389823913574
GS Balanced_15;Mallows_1;743.0;33.51729226112366
GS Balanced_15;Mallows_2;1135.0;30.46567392349243
GS Balanced_15;Mallows_3;794.0;37.19320821762085
GS Balanced_15;Mallows_4;770.0;26.451287031173706
GS Balanced_15;Mallows_5;1179.0;14.996969938278198
GS Balanced_15;Mallows_6;1109.0;16.399916887283325
GS Balanced_15;Mallows_7;799.0;27.669153213500977
GS Balanced_15;Mallows_8;673.0;17.178815841674805
GS Balanced_15;Mallows_9;687.0;17.1857488155365
GS Balanced_15;Mallows_10;794.0;21.581068515777588
GS Balanced_15;Mallows_11;971.0;19.875619411468506
GS Balanced_15;Mallows_12;697.0;31.099414348602295
GS Balanced_15;Mallows_13;787.0;38.87304377555847
GS Balanced_15;Mallows_14;936.0;35.75623345375061
GS Balanced_15;Mallows_15;760.0;37.09077429771423
GS Balanced_15;Mallows_16;700.0;30.708851099014282
GS Balanced_15;Mallows_17;1135.0;19.627710342407227
GS Balanced_15;Mallows_18;855.0;21.23823571205139
GS Balanced_15;Mallows_19;920.0;23.30120277404785
GS Balanced_15;Mallows_20;696.0;18.21332812309265
GS Balanced_15;Mallows_21;971.0;19.19878578186035
GS Balanced_15;Mallows_22;789.0;27.210984468460083
GS Balanced_15;Mallows_23;741.0;38.901169300079346
GS Balanced_15;Mallows_24;883.0;31.846405744552612
GS Balanced_15;Mallows_25;1155.0;18.353424549102783
GS Balanced_15;Mallows_26;686.0;17.489403247833252
GS Balanced_15;Mallows_27;1038.0;17.549985885620117
GS Balanced_15;Mallows_28;1087.0;16.65512752532959
GS Balanced_15;Mallows_29;659.0;17.503080129623413
GS Balanced_15;Mallows_30;685.0;19.143826246261597
GS Balanced_15;Mallows_31;807.0;23.29185938835144
GS Balanced_15;Mallows_32;1191.0;14.947324991226196
GS Balanced_15;Mallows_33;686.0;17.18404269218445
GS Balanced_15;Mallows_34;771.0;33.28765916824341
GS Balanced_15;Mallows_35;666.0;33.21710228919983
GS Balanced_15;Mallows_36;716.0;35.182425022125244
GS Balanced_15;Mallows_37;1111.0;32.04568028450012
GS Balanced_15;Mallows_38;760.0;38.68279409408569
GS Balanced_15;Mallows_39;761.0;36.740875005722046
GS Balanced_15;Mallows_40;1057.0;33.86928749084473
GS Balanced_15;Mallows_41;707.0;34.22187519073486
GS Balanced_15;Mallows_42;1210.0;29.36083745956421
GS Balanced_15;Mallows_43;718.0;33.62227129936218
GS Balanced_15;Mallows_44;700.0;31.881210327148438
GS Balanced_15;Mallows_45;1046.0;33.72019624710083
GS Balanced_15;Mallows_46;774.0;39.04904103279114
GS Balanced_15;Mallows_47;1191.0;29.503756999969482
GS Balanced_15;UN_0;642.0;29.044578790664673
GS Balanced_15;UN_1;657.0;18.147320985794067
GS Balanced_15;UN_2;682.0;15.116893768310547
GS Balanced_15;UN_3;681.0;15.52813458442688
GS Balanced_15;ID;1250.0;14.36979365348816
GS Balanced_15;AN;584.0;16.75193691253662
GS Balanced_15;UNSTA;779.0;22.196025133132935
GS Balanced_15;UNSTB;850.0;25.42870020866394
GS Balanced_15;UNSTC;872.0;21.57998538017273
GS Balanced_15;ST_0;909.0;20.888232707977295
GS Balanced_15;ST_1;907.0;23.810738563537598
GS Balanced_15;ST_2;906.0;19.03815722465515
GS Balanced_15;ST_3;905.0;19.0661940574646
GS Balanced_15;IDSTA;1007.0;19.700364351272583
GS Balanced_15;IDSTB;1084.0;18.76982855796814
GS Balanced_15;IDSTC;1170.0;16.165333032608032
GS Balanced_15;IDAN_0;1146.0;14.596099138259888
GS Balanced_15;IDAN_1;1050.0;15.088186740875244
GS Balanced_15;IDAN_2;958.0;16.105507612228394
GS Balanced_15;IDAN_3;884.0;21.16571807861328
GS Balanced_15;IDAN_4;820.0;29.989569425582886
GS Balanced_15;IDAN_5;756.0;18.344050645828247
GS Balanced_15;IDAN_6;698.0;16.46047329902649
GS Balanced_15;IDAN_7;650.0;16.398642778396606
GS Balanced_15;IDAN_8;616.0;16.433631658554077
GS Balanced_15;IDAN_9;586.0;20.525453567504883
GS Balanced_15;IDAN_10;562.0;15.983579397201538
GS Balanced_15;ANUN_0;573.0;15.27559208869934
GS Balanced_15;ANUN_1;537.0;15.141915321350098
GS Balanced_15;ANUN_2;535.0;23.611625909805298
GS Balanced_15;ANUN_3;543.0;32.94733476638794
GS Balanced_15;ANUN_4;523.0;32.11814212799072
GS Balanced_15;ANUN_5;579.0;24.195814847946167
GS Balanced_15;ANUN_6;550.0;19.980393886566162
GS Balanced_15;ANUN_7;593.0;17.205931663513184
GS Balanced_15;ANUN_8;561.0;23.41596746444702
GS Balanced_15;ANUN_9;629.0;19.559147357940674
GS Balanced_15;ANUN_10;658.0;15.361170053482056
GS Balanced_15;Irish_0;656.0;18.47287082672119
GS Balanced_15;Irish_1;627.0;21.101927042007446
GS Balanced_15;Irish_2;645.0;20.893491744995117
GS Balanced_15;Irish_3;559.0;33.427393198013306
GS Balanced_15;Irish_4;609.0;39.05632472038269
GS Balanced_15;Irish_5;610.0;36.52514314651489
GS Balanced_15;Irish_6;664.0;34.371142864227295
GS Balanced_15;Irish_7;684.0;34.60428190231323
GS Balanced_15;Sushi_0;723.0;22.73970627784729
GS Balanced_15;Sushi_1;735.0;20.819244146347046
GS Balanced_15;Sushi_2;705.0;25.23206377029419
GS Balanced_15;Sushi_3;660.0;39.3416531085968
GS Balanced_15;Sushi_4;666.0;37.663352727890015
GS Balanced_15;Sushi_5;663.0;34.21508717536926
GS Balanced_15;Sushi_6;698.0;19.7650728225708
GS Balanced_15;Sushi_7;666.0;19.38405179977417
GS Balanced_15;Grenoble_0;694.0;24.263607263565063
GS Balanced_15;Grenoble_1;749.0;23.95051860809326
GS Balanced_15;Grenoble_2;657.0;22.942681074142456
GS Balanced_15;Grenoble_3;698.0;21.229753255844116
GS Balanced_15;Grenoble_4;677.0;22.321441173553467
GS Balanced_15;Grenoble_5;693.0;26.53305411338806
GS Balanced_15;Grenoble_6;691.0;22.587361574172974
GS Balanced_15;Grenoble_7;748.0;20.857120275497437
GS Caterpillar_0;GS Caterpillar_1;216.0;17.476871252059937
GS Caterpillar_0;GS Caterpillar_2;244.0;21.13739824295044
GS Caterpillar_0;GS Caterpillar_3;261.0;18.85732626914978
GS Caterpillar_0;GS Caterpillar_4;205.0;18.531794786453247
GS Caterpillar_0;GS Caterpillar_5;236.0;20.309879779815674
GS Caterpillar_0;GS Caterpillar_6;210.0;20.040045022964478
GS Caterpillar_0;GS Caterpillar_7;203.0;24.797608137130737
GS Caterpillar_0;GS Caterpillar_8;236.0;17.691822052001953
GS Caterpillar_0;GS Caterpillar_9;206.0;18.870115041732788
GS Caterpillar_0;GS Caterpillar_10;216.0;17.317765712738037
GS Caterpillar_0;GS Caterpillar_11;228.0;18.824464082717896
GS Caterpillar_0;GS Caterpillar_12;224.0;30.860583543777466
GS Caterpillar_0;GS Caterpillar_13;195.0;33.026944637298584
GS Caterpillar_0;GS Caterpillar_14;238.0;33.098257064819336
GS Caterpillar_0;GS Caterpillar_15;226.0;20.134528875350952
GS Caterpillar_0;Interval_0;771.0;19.531296730041504
GS Caterpillar_0;Interval_1;728.0;20.167945623397827
GS Caterpillar_0;Interval_2;796.0;23.737272262573242
GS Caterpillar_0;Interval_3;740.0;19.996182918548584
GS Caterpillar_0;Interval_4;804.0;20.930156469345093
GS Caterpillar_0;Interval_5;760.0;19.655327796936035
GS Caterpillar_0;Interval_6;822.0;22.181476831436157
GS Caterpillar_0;Interval_7;766.0;25.719882011413574
GS Caterpillar_0;Interval_8;754.0;36.4706928730011
GS Caterpillar_0;Interval_9;717.0;17.232815265655518
GS Caterpillar_0;Interval_10;760.0;22.577521800994873
GS Caterpillar_0;Interval_11;709.0;22.971590995788574
GS Caterpillar_0;Interval_12;713.0;21.37307620048523
GS Caterpillar_0;Interval_13;690.0;21.732841968536377
GS Caterpillar_0;Interval_14;775.0;20.561565160751343
GS Caterpillar_0;Interval_15;735.0;29.958014726638794
GS Caterpillar_0;Square_0;664.0;38.41313457489014
GS Caterpillar_0;Square_1;672.0;39.395216941833496
GS Caterpillar_0;Square_2;649.0;37.9062294960022
GS Caterpillar_0;Square_3;668.0;38.83978819847107
GS Caterpillar_0;Square_4;663.0;39.15785884857178
GS Caterpillar_0;Square_5;650.0;38.36967396736145
GS Caterpillar_0;Square_6;699.0;39.72022271156311
GS Caterpillar_0;Square_7;643.0;40.58006143569946
GS Caterpillar_0;Square_8;676.0;38.734904766082764
GS Caterpillar_0;Square_9;649.0;26.48826265335083
GS Caterpillar_0;Square_10;735.0;23.44434690475464
GS Caterpillar_0;Square_11;654.0;21.473382234573364
GS Caterpillar_0;Square_12;694.0;32.983871936798096
GS Caterpillar_0;Square_13;666.0;24.30941867828369
GS Caterpillar_0;Square_14;671.0;20.586575508117676
GS Caterpillar_0;Square_15;697.0;22.031128644943237
GS Caterpillar_0;Cube_0;634.0;34.31680226325989
GS Caterpillar_0;Cube_1;661.0;37.54622220993042
GS Caterpillar_0;Cube_2;609.0;38.283554553985596
GS Caterpillar_0;Cube_3;643.0;38.65939402580261
GS Caterpillar_0;Cube_4;594.0;37.8303599357605
GS Caterpillar_0;Cube_5;640.0;25.977686643600464
GS Caterpillar_0;Cube_6;728.0;22.845012187957764
GS Caterpillar_0;Cube_7;620.0;20.772388458251953
GS Caterpillar_0;Cube_8;645.0;28.04814910888672
GS Caterpillar_0;Cube_9;674.0;26.3934428691864
GS Caterpillar_0;Cube_10;645.0;26.958483457565308
GS Caterpillar_0;Cube_11;623.0;39.65126299858093
GS Caterpillar_0;Cube_12;680.0;25.2227680683136
GS Caterpillar_0;Cube_13;646.0;22.907302141189575
GS Caterpillar_0;Cube_14;673.0;27.950886964797974
GS Caterpillar_0;Cube_15;620.0;32.03444051742554
GS Caterpillar_0;5-Cube_0;581.0;22.39303755760193
GS Caterpillar_0;5-Cube_1;620.0;21.68599843978882
GS Caterpillar_0;5-Cube_2;630.0;24.745256423950195
GS Caterpillar_0;5-Cube_3;598.0;19.933127641677856
GS Caterpillar_0;5-Cube_4;610.0;25.50102162361145
GS Caterpillar_0;5-Cube_5;639.0;23.505371809005737
GS Caterpillar_0;5-Cube_6;586.0;20.792078495025635
GS Caterpillar_0;5-Cube_7;614.0;21.25080180168152
GS Caterpillar_0;10-Cube_0;658.0;22.331486701965332
GS Caterpillar_0;10-Cube_1;589.0;24.62925624847412
GS Caterpillar_0;10-Cube_2;555.0;25.403041124343872
GS Caterpillar_0;10-Cube_3;543.0;19.307796716690063
GS Caterpillar_0;10-Cube_4;595.0;21.531936645507812
GS Caterpillar_0;10-Cube_5;609.0;23.979265213012695
GS Caterpillar_0;10-Cube_6;669.0;23.33265733718872
GS Caterpillar_0;10-Cube_7;566.0;20.04588222503662
GS Caterpillar_0;Circle_0;635.0;21.956623077392578
GS Caterpillar_0;Circle_1;577.0;18.329659700393677
GS Caterpillar_0;Circle_2;678.0;28.516297340393066
GS Caterpillar_0;Circle_3;674.0;37.27373266220093
GS Caterpillar_0;Circle_4;619.0;35.83120036125183
GS Caterpillar_0;Circle_5;625.0;33.80232858657837
GS Caterpillar_0;Circle_6;642.0;19.993654251098633
GS Caterpillar_0;Circle_7;678.0;20.143486738204956
GS Caterpillar_0;Circle_8;672.0;22.575554609298706
GS Caterpillar_0;Circle_9;641.0;26.62123441696167
GS Caterpillar_0;Circle_10;584.0;19.692444324493408
GS Caterpillar_0;Circle_11;604.0;18.251929759979248
GS Caterpillar_0;Circle_12;699.0;21.96613121032715
GS Caterpillar_0;Circle_13;665.0;21.557907819747925
GS Caterpillar_0;Circle_14;709.0;19.36717414855957
GS Caterpillar_0;Circle_15;663.0;19.434412717819214
GS Caterpillar_0;Sphere_0;621.0;31.252623558044434
GS Caterpillar_0;Sphere_1;452.0;21.586602687835693
GS Caterpillar_0;Sphere_2;552.0;19.728023290634155
GS Caterpillar_0;Sphere_3;601.0;22.595118284225464
GS Caterpillar_0;Sphere_4;595.0;20.193304777145386
GS Caterpillar_0;Sphere_5;566.0;28.565694570541382
GS Caterpillar_0;Sphere_6;595.0;20.55859136581421
GS Caterpillar_0;Sphere_7;568.0;22.366081476211548
GS Caterpillar_0;Sphere_8;590.0;20.841195821762085
GS Caterpillar_0;Sphere_9;599.0;20.767501831054688
GS Caterpillar_0;Sphere_10;603.0;22.66648507118225
GS Caterpillar_0;Sphere_11;590.0;24.609378814697266
GS Caterpillar_0;Sphere_12;597.0;19.636001586914062
GS Caterpillar_0;Sphere_13;565.0;22.253260850906372
GS Caterpillar_0;Sphere_14;611.0;19.805309057235718
GS Caterpillar_0;Sphere_15;589.0;22.22018313407898
GS Caterpillar_0;Urn_0;870.0;23.675565004348755
GS Caterpillar_0;Urn_1;956.0;18.991800785064697
GS Caterpillar_0;Urn_2;978.0;18.640496730804443
GS Caterpillar_0;Urn_3;609.0;27.09903597831726
GS Caterpillar_0;Urn_4;604.0;22.26939344406128
GS Caterpillar_0;Urn_5;1079.0;15.839055299758911
GS Caterpillar_0;Urn_6;944.0;17.593892812728882
GS Caterpillar_0;Urn_7;581.0;22.0819308757782
GS Caterpillar_0;Urn_8;925.0;19.2758309841156
GS Caterpillar_0;Urn_9;699.0;19.077579021453857
GS Caterpillar_0;Urn_10;927.0;18.431785583496094
GS Caterpillar_0;Urn_11;1021.0;20.320509910583496
GS Caterpillar_0;Urn_12;920.0;20.446819067001343
GS Caterpillar_0;Urn_13;613.0;18.61531162261963
GS Caterpillar_0;Urn_14;803.0;18.429224491119385
GS Caterpillar_0;Urn_15;829.0;17.86025357246399
GS Caterpillar_0;Urn_16;1215.0;16.73917055130005
GS Caterpillar_0;Urn_17;1067.0;19.43583583831787
GS Caterpillar_0;Urn_18;630.0;19.209200143814087
GS Caterpillar_0;Urn_19;656.0;19.982430458068848
GS Caterpillar_0;Urn_20;1037.0;18.302980422973633
GS Caterpillar_0;Urn_21;1127.0;24.134159564971924
GS Caterpillar_0;Urn_22;774.0;18.22723078727722
GS Caterpillar_0;Urn_23;1217.0;21.039631605148315
GS Caterpillar_0;Urn_24;967.0;27.17223048210144
GS Caterpillar_0;Urn_25;679.0;20.24232816696167
GS Caterpillar_0;Urn_26;574.0;18.63666534423828
GS Caterpillar_0;Urn_27;632.0;30.240971088409424
GS Caterpillar_0;Urn_28;1026.0;20.729548454284668
GS Caterpillar_0;Urn_29;622.0;19.42659020423889
GS Caterpillar_0;Urn_30;919.0;16.444968938827515
GS Caterpillar_0;Urn_31;735.0;23.421290397644043
GS Caterpillar_0;Urn_32;1033.0;16.98992395401001
GS Caterpillar_0;Urn_33;866.0;19.165247678756714
GS Caterpillar_0;Urn_34;816.0;20.581377506256104
GS Caterpillar_0;Urn_35;802.0;28.03465175628662
GS Caterpillar_0;Urn_36;650.0;17.840961694717407
GS Caterpillar_0;Urn_37;813.0;19.504884243011475
GS Caterpillar_0;Urn_38;911.0;17.049930095672607
GS Caterpillar_0;Urn_39;1265.0;16.613049745559692
GS Caterpillar_0;Urn_40;768.0;22.322697639465332
GS Caterpillar_0;Urn_41;714.0;25.52976369857788
GS Caterpillar_0;Urn_42;566.0;17.656689167022705
GS Caterpillar_0;Urn_43;1113.0;19.9208824634552
GS Caterpillar_0;Urn_44;774.0;21.164560317993164
GS Caterpillar_0;Urn_45;767.0;19.085407972335815
GS Caterpillar_0;Urn_46;772.0;33.420225858688354
GS Caterpillar_0;Urn_47;662.0;37.89683794975281
GS Caterpillar_0;Mallows_0;562.0;35.517595291137695
GS Caterpillar_0;Mallows_1;716.0;42.84159255027771
GS Caterpillar_0;Mallows_2;1150.0;30.489001035690308
GS Caterpillar_0;Mallows_3;753.0;40.6584632396698
GS Caterpillar_0;Mallows_4;695.0;40.71778440475464
GS Caterpillar_0;Mallows_5;1194.0;29.365089178085327
GS Caterpillar_0;Mallows_6;1124.0;30.961284399032593
GS Caterpillar_0;Mallows_7;722.0;41.97896766662598
GS Caterpillar_0;Mallows_8;554.0;29.892356634140015
GS Caterpillar_0;Mallows_9;568.0;18.57151508331299
GS Caterpillar_0;Mallows_10;771.0;28.753770351409912
GS Caterpillar_0;Mallows_11;986.0;20.078439950942993
GS Caterpillar_0;Mallows_12;548.0;26.913733959197998
GS Caterpillar_0;Mallows_13;724.0;25.10675311088562
GS Caterpillar_0;Mallows_14;945.0;21.42973017692566
GS Caterpillar_0;Mallows_15;679.0;22.45696711540222
GS Caterpillar_0;Mallows_16;547.0;31.037593603134155
GS Caterpillar_0;Mallows_17;1150.0;17.437159061431885
GS Caterpillar_0;Mallows_18;850.0;23.21730947494507
GS Caterpillar_0;Mallows_19;923.0;23.76473832130432
GS Caterpillar_0;Mallows_20;597.0;29.411377906799316
GS Caterpillar_0;Mallows_21;986.0;19.27867555618286
GS Caterpillar_0;Mallows_22;730.0;27.369919538497925
GS Caterpillar_0;Mallows_23;684.0;24.55830669403076
GS Caterpillar_0;Mallows_24;890.0;26.677196502685547
GS Caterpillar_0;Mallows_25;1170.0;15.442561149597168
GS Caterpillar_0;Mallows_26;557.0;21.86574125289917
GS Caterpillar_0;Mallows_27;1053.0;19.25477910041809
GS Caterpillar_0;Mallows_28;1102.0;19.200043201446533
GS Caterpillar_0;Mallows_29;520.0;17.97234034538269
GS Caterpillar_0;Mallows_30;546.0;22.727519273757935
GS Caterpillar_0;Mallows_31;788.0;39.133530616760254
GS Caterpillar_0;Mallows_32;1206.0;30.565722227096558
GS Caterpillar_0;Mallows_33;551.0;31.6697039604187
GS Caterpillar_0;Mallows_34;710.0;28.31111431121826
GS Caterpillar_0;Mallows_35;575.0;22.527689695358276
GS Caterpillar_0;Mallows_36;607.0;41.1202552318573
GS Caterpillar_0;Mallows_37;1126.0;31.299121141433716
GS Caterpillar_0;Mallows_38;683.0;43.739259243011475
GS Caterpillar_0;Mallows_39;646.0;34.216717004776
GS Caterpillar_0;Mallows_40;1072.0;19.214836359024048
GS Caterpillar_0;Mallows_41;568.0;23.28070092201233
GS Caterpillar_0;Mallows_42;1225.0;28.91655659675598
GS Caterpillar_0;Mallows_43;565.0;29.324888706207275
GS Caterpillar_0;Mallows_44;569.0;19.03354048728943
GS Caterpillar_0;Mallows_45;1061.0;19.556050777435303
GS Caterpillar_0;Mallows_46;709.0;25.224843502044678
GS Caterpillar_0;Mallows_47;1206.0;15.67816162109375
GS Caterpillar_0;UN_0;557.0;17.87876558303833
GS Caterpillar_0;UN_1;556.0;16.32721996307373
GS Caterpillar_0;UN_2;555.0;21.859404802322388
GS Caterpillar_0;UN_3;556.0;17.12566065788269
GS Caterpillar_0;ID;1265.0;25.710184335708618
GS Caterpillar_0;AN;821.0;29.33512544631958
GS Caterpillar_0;UNSTA;700.0;23.1179678440094
GS Caterpillar_0;UNSTB;811.0;20.73752999305725
GS Caterpillar_0;UNSTC;879.0;24.358697414398193
GS Caterpillar_0;ST_0;908.0;25.48504877090454
GS Caterpillar_0;ST_1;904.0;24.01660466194153
GS Caterpillar_0;ST_2;905.0;23.84762454032898
GS Caterpillar_0;ST_3;904.0;27.391070127487183
GS Caterpillar_0;IDSTA;1024.0;20.33083415031433
GS Caterpillar_0;IDSTB;1105.0;21.495383739471436
GS Caterpillar_0;IDSTC;1179.0;17.008249759674072
GS Caterpillar_0;IDAN_0;1179.0;14.589375257492065
GS Caterpillar_0;IDAN_1;1101.0;17.219144582748413
GS Caterpillar_0;IDAN_2;1047.0;25.084707736968994
GS Caterpillar_0;IDAN_3;999.0;32.40863823890686
GS Caterpillar_0;IDAN_4;947.0;24.928214073181152
GS Caterpillar_0;IDAN_5;907.0;16.746182918548584
GS Caterpillar_0;IDAN_6;875.0;19.00429391860962
GS Caterpillar_0;IDAN_7;851.0;25.787562370300293
GS Caterpillar_0;IDAN_8;831.0;30.83760142326355
GS Caterpillar_0;IDAN_9;821.0;30.06351947784424
GS Caterpillar_0;IDAN_10;821.0;28.961707592010498
GS Caterpillar_0;ANUN_0;770.0;29.169513463974
GS Caterpillar_0;ANUN_1;750.0;29.457908391952515
GS Caterpillar_0;ANUN_2;688.0;20.834444761276245
GS Caterpillar_0;ANUN_3;660.0;19.597045421600342
GS Caterpillar_0;ANUN_4;618.0;17.468529224395752
GS Caterpillar_0;ANUN_5;584.0;18.67939567565918
GS Caterpillar_0;ANUN_6;547.0;21.089481830596924
GS Caterpillar_0;ANUN_7;532.0;22.38263988494873
GS Caterpillar_0;ANUN_8;544.0;18.519673347473145
GS Caterpillar_0;ANUN_9;524.0;17.692068338394165
GS Caterpillar_0;ANUN_10;537.0;18.72669816017151
GS Caterpillar_0;Irish_0;537.0;28.1855411529541
GS Caterpillar_0;Irish_1;602.0;37.39477181434631
GS Caterpillar_0;Irish_2;576.0;30.734275579452515
GS Caterpillar_0;Irish_3;596.0;23.008525133132935
GS Caterpillar_0;Irish_4;598.0;21.28293466567993
GS Caterpillar_0;Irish_5;603.0;22.197834014892578
GS Caterpillar_0;Irish_6;557.0;22.8071186542511
GS Caterpillar_0;Irish_7;633.0;22.160415649414062
GS Caterpillar_0;Sushi_0;608.0;24.98121976852417
GS Caterpillar_0;Sushi_1;660.0;28.94477415084839
GS Caterpillar_0;Sushi_2;618.0;22.009634256362915
GS Caterpillar_0;Sushi_3;591.0;34.212969064712524
GS Caterpillar_0;Sushi_4;571.0;24.39438509941101
GS Caterpillar_0;Sushi_5;628.0;25.419297456741333
GS Caterpillar_0;Sushi_6;615.0;24.364936113357544
GS Caterpillar_0;Sushi_7;587.0;20.461291313171387
GS Caterpillar_0;Grenoble_0;681.0;26.931193828582764
GS Caterpillar_0;Grenoble_1;662.0;22.250152111053467
GS Caterpillar_0;Grenoble_2;690.0;25.906643390655518
GS Caterpillar_0;Grenoble_3;651.0;22.98646330833435
GS Caterpillar_0;Grenoble_4;666.0;30.68518590927124
GS Caterpillar_0;Grenoble_5;674.0;24.307355403900146
GS Caterpillar_0;Grenoble_6;620.0;22.465409994125366
GS Caterpillar_0;Grenoble_7;683.0;23.068204402923584
GS Caterpillar_1;GS Caterpillar_2;248.0;19.084502458572388
GS Caterpillar_1;GS Caterpillar_3;237.0;24.440003156661987
GS Caterpillar_1;GS Caterpillar_4;233.0;17.37795901298523
GS Caterpillar_1;GS Caterpillar_5;206.0;18.02917170524597
GS Caterpillar_1;GS Caterpillar_6;248.0;19.01884150505066
GS Caterpillar_1;GS Caterpillar_7;213.0;20.86377501487732
GS Caterpillar_1;GS Caterpillar_8;262.0;18.780172109603882
GS Caterpillar_1;GS Caterpillar_9;208.0;18.14087986946106
GS Caterpillar_1;GS Caterpillar_10;242.0;21.269667625427246
GS Caterpillar_1;GS Caterpillar_11;222.0;20.721231937408447
GS Caterpillar_1;GS Caterpillar_12;208.0;20.779929399490356
GS Caterpillar_1;GS Caterpillar_13;225.0;17.76823592185974
GS Caterpillar_1;GS Caterpillar_14;226.0;17.745543479919434
GS Caterpillar_1;GS Caterpillar_15;206.0;20.226762533187866
GS Caterpillar_1;Interval_0;757.0;22.381385326385498
GS Caterpillar_1;Interval_1;722.0;18.16474461555481
GS Caterpillar_1;Interval_2;750.0;20.2424213886261
GS Caterpillar_1;Interval_3;736.0;19.009340524673462
GS Caterpillar_1;Interval_4;784.0;23.690937757492065
GS Caterpillar_1;Interval_5;736.0;18.068413019180298
GS Caterpillar_1;Interval_6;786.0;20.044417142868042
GS Caterpillar_1;Interval_7;750.0;18.824376583099365
GS Caterpillar_1;Interval_8;730.0;22.970004558563232
GS Caterpillar_1;Interval_9;709.0;19.90394616127014
GS Caterpillar_1;Interval_10;756.0;34.38753581047058
GS Caterpillar_1;Interval_11;689.0;35.496997356414795
GS Caterpillar_1;Interval_12;681.0;30.9719455242157
GS Caterpillar_1;Interval_13;660.0;19.89993119239807
GS Caterpillar_1;Interval_14;743.0;18.9853732585907
GS Caterpillar_1;Interval_15;699.0;23.2023868560791
GS Caterpillar_1;Square_0;682.0;40.330095052719116
GS Caterpillar_1;Square_1;674.0;30.195695400238037
GS Caterpillar_1;Square_2;605.0;21.594228744506836
GS Caterpillar_1;Square_3;656.0;20.932399034500122
GS Caterpillar_1;Square_4;663.0;26.927359580993652
GS Caterpillar_1;Square_5;652.0;38.10606408119202
GS Caterpillar_1;Square_6;679.0;38.29249978065491
GS Caterpillar_1;Square_7;631.0;36.20391511917114
GS Caterpillar_1;Square_8;650.0;21.843319177627563
GS Caterpillar_1;Square_9;657.0;20.9159095287323
GS Caterpillar_1;Square_10;699.0;26.205871105194092
GS Caterpillar_1;Square_11;630.0;25.17777371406555
GS Caterpillar_1;Square_12;660.0;25.150461435317993
GS Caterpillar_1;Square_13;666.0;21.0737361907959
GS Caterpillar_1;Square_14;653.0;20.743359565734863
GS Caterpillar_1;Square_15;677.0;20.805797576904297
GS Caterpillar_1;Cube_0;624.0;32.27606415748596
GS Caterpillar_1;Cube_1;661.0;27.875856637954712
GS Caterpillar_1;Cube_2;615.0;20.931262969970703
GS Caterpillar_1;Cube_3;625.0;26.78904438018799
GS Caterpillar_1;Cube_4;598.0;23.597092866897583
GS Caterpillar_1;Cube_5;638.0;21.176528692245483
GS Caterpillar_1;Cube_6;718.0;26.160218238830566
GS Caterpillar_1;Cube_7;634.0;22.02407455444336
GS Caterpillar_1;Cube_8;635.0;21.23639154434204
GS Caterpillar_1;Cube_9;654.0;22.769230365753174
GS Caterpillar_1;Cube_10;631.0;23.853049755096436
GS Caterpillar_1;Cube_11;611.0;23.001905918121338
GS Caterpillar_1;Cube_12;648.0;23.75290036201477
GS Caterpillar_1;Cube_13;638.0;23.402018547058105
GS Caterpillar_1;Cube_14;665.0;21.68542981147766
GS Caterpillar_1;Cube_15;596.0;22.418583631515503
GS Caterpillar_1;5-Cube_0;579.0;19.897826194763184
GS Caterpillar_1;5-Cube_1;614.0;23.55728816986084
GS Caterpillar_1;5-Cube_2;624.0;22.302107334136963
GS Caterpillar_1;5-Cube_3;586.0;25.11812138557434
GS Caterpillar_1;5-Cube_4;574.0;20.366769552230835
GS Caterpillar_1;5-Cube_5;647.0;22.625893115997314
GS Caterpillar_1;5-Cube_6;584.0;23.634947538375854
GS Caterpillar_1;5-Cube_7;612.0;26.92867946624756
GS Caterpillar_1;10-Cube_0;648.0;23.718286752700806
GS Caterpillar_1;10-Cube_1;585.0;24.664873600006104
GS Caterpillar_1;10-Cube_2;541.0;23.033485651016235
GS Caterpillar_1;10-Cube_3;535.0;41.73515963554382
GS Caterpillar_1;10-Cube_4;589.0;36.406962871551514
GS Caterpillar_1;10-Cube_5;609.0;38.03864407539368
GS Caterpillar_1;10-Cube_6;659.0;39.401652097702026
GS Caterpillar_1;10-Cube_7;568.0;35.11825919151306
GS Caterpillar_1;Circle_0;629.0;37.86852669715881
GS Caterpillar_1;Circle_1;585.0;34.587976932525635
GS Caterpillar_1;Circle_2;672.0;22.898325443267822
GS Caterpillar_1;Circle_3;644.0;20.27275848388672
GS Caterpillar_1;Circle_4;593.0;20.416152477264404
GS Caterpillar_1;Circle_5;601.0;20.303868532180786
GS Caterpillar_1;Circle_6;628.0;23.836803674697876
GS Caterpillar_1;Circle_7;666.0;21.28908920288086
GS Caterpillar_1;Circle_8;672.0;20.840760469436646
GS Caterpillar_1;Circle_9;629.0;19.6613826751709
GS Caterpillar_1;Circle_10;574.0;19.596633434295654
GS Caterpillar_1;Circle_11;602.0;20.17748713493347
GS Caterpillar_1;Circle_12;699.0;21.906882286071777
GS Caterpillar_1;Circle_13;629.0;22.887042760849
GS Caterpillar_1;Circle_14;693.0;19.43322515487671
GS Caterpillar_1;Circle_15;641.0;21.77073073387146
GS Caterpillar_1;Sphere_0;601.0;24.134504079818726
GS Caterpillar_1;Sphere_1;422.0;24.773000478744507
GS Caterpillar_1;Sphere_2;526.0;19.72745418548584
GS Caterpillar_1;Sphere_3;601.0;22.300668954849243
GS Caterpillar_1;Sphere_4;563.0;34.23864507675171
GS Caterpillar_1;Sphere_5;554.0;25.011527061462402
GS Caterpillar_1;Sphere_6;565.0;23.895628213882446
GS Caterpillar_1;Sphere_7;552.0;21.168362140655518
GS Caterpillar_1;Sphere_8;580.0;35.461798429489136
GS Caterpillar_1;Sphere_9;591.0;33.367626428604126
GS Caterpillar_1;Sphere_10;609.0;21.51019263267517
GS Caterpillar_1;Sphere_11;592.0;20.585309982299805
GS Caterpillar_1;Sphere_12;581.0;24.043465852737427
GS Caterpillar_1;Sphere_13;581.0;21.30787706375122
GS Caterpillar_1;Sphere_14;623.0;20.04470133781433
GS Caterpillar_1;Sphere_15;581.0;24.368176698684692
GS Caterpillar_1;Urn_0;858.0;17.56915020942688
GS Caterpillar_1;Urn_1;952.0;20.510236740112305
GS Caterpillar_1;Urn_2;964.0;36.18330645561218
GS Caterpillar_1;Urn_3;591.0;36.3478479385376
GS Caterpillar_1;Urn_4;600.0;26.856626272201538
GS Caterpillar_1;Urn_5;1073.0;15.816380500793457
GS Caterpillar_1;Urn_6;918.0;18.72149634361267
GS Caterpillar_1;Urn_7;587.0;19.69005036354065
GS Caterpillar_1;Urn_8;909.0;18.543595552444458
GS Caterpillar_1;Urn_9;697.0;19.87566375732422
GS Caterpillar_1;Urn_10;929.0;24.84320068359375
GS Caterpillar_1;Urn_11;1013.0;30.03728437423706
GS Caterpillar_1;Urn_12;904.0;18.350813627243042
GS Caterpillar_1;Urn_13;611.0;19.2785062789917
GS Caterpillar_1;Urn_14;825.0;18.065234661102295
GS Caterpillar_1;Urn_15;839.0;17.560834884643555
GS Caterpillar_1;Urn_16;1209.0;16.469664335250854
GS Caterpillar_1;Urn_17;1057.0;19.328341722488403
GS Caterpillar_1;Urn_18;630.0;37.640034675598145
GS Caterpillar_1;Urn_19;660.0;21.739553213119507
GS Caterpillar_1;Urn_20;1025.0;19.2541663646698
GS Caterpillar_1;Urn_21;1121.0;15.532361507415771
GS Caterpillar_1;Urn_22;766.0;20.55633854866028
GS Caterpillar_1;Urn_23;1217.0;14.38276982307434
GS Caterpillar_1;Urn_24;941.0;17.275713205337524
GS Caterpillar_1;Urn_25;679.0;18.945284605026245
GS Caterpillar_1;Urn_26;568.0;21.655513048171997
GS Caterpillar_1;Urn_27;628.0;19.10206389427185
GS Caterpillar_1;Urn_28;1020.0;16.507070541381836
GS Caterpillar_1;Urn_29;616.0;21.327293872833252
GS Caterpillar_1;Urn_30;927.0;16.78727674484253
GS Caterpillar_1;Urn_31;707.0;18.534352779388428
GS Caterpillar_1;Urn_32;1029.0;17.362295389175415
